2321	0.45895
0	0	0	20	0	1	2	3	4	5	6	7	8	9	10	11	12	13	14	15	16	17	18	19	
0	0	1	0	
0	0	2	0	
0	0	3	0	
0	1	0	17	0	1	2	3	4	5	6	7	8	9	10	14	15	16	17	18	19	
0	1	1	0	
0	1	2	0	
0	1	3	3	11	12	13	
0	2	0	4	4	6	9	15	
0	2	1	7	2	3	5	11	13	17	18	
0	2	2	7	0	1	7	8	12	14	16	
0	2	3	2	10	19	
0	3	0	11	0	2	3	5	6	9	10	11	14	18	19	
0	3	1	2	1	8	
0	3	2	2	12	17	
0	3	3	5	4	7	13	15	16	
1	0	0	11	0	3	4	7	8	9	12	15	16	18	19	
1	0	1	7	2	5	6	10	11	13	14	
1	0	2	1	1	
1	0	3	1	17	
1	1	0	17	0	1	2	3	4	5	6	7	8	9	10	14	15	16	17	18	19	
1	1	1	0	
1	1	2	0	
1	1	3	3	11	12	13	
1	2	0	8	0	1	4	8	14	15	16	17	
1	2	1	3	9	11	19	
1	2	2	8	2	3	5	6	7	10	12	13	
1	2	3	1	18	
1	3	0	9	4	8	9	11	12	13	15	17	18	
1	3	1	10	0	2	3	5	6	7	10	14	16	19	
1	3	2	0	
1	3	3	1	1	
2	0	0	3	11	14	17	
2	0	1	10	0	3	4	5	7	8	10	12	15	19	
2	0	2	1	2	
2	0	3	6	1	6	9	13	16	18	
2	1	0	5	0	3	8	16	19	
2	1	1	6	1	5	7	9	14	15	
2	1	2	6	2	4	6	10	17	18	
2	1	3	3	11	12	13	
2	2	0	4	2	9	11	15	
2	2	1	7	3	5	6	10	13	18	19	
2	2	2	1	17	
2	2	3	8	0	1	4	7	8	12	14	16	
2	3	0	5	0	3	6	10	15	
2	3	1	5	1	4	7	12	16	
2	3	2	5	2	8	11	14	18	
2	3	3	5	5	9	13	17	19	
3	0	0	6	1	2	11	16	17	18	
3	0	1	14	0	3	4	5	6	7	8	9	10	12	13	14	15	19	
3	0	2	0	
3	0	3	0	
3	1	0	17	0	1	2	3	4	5	6	7	8	9	10	14	15	16	17	18	19	
3	1	1	0	
3	1	2	0	
3	1	3	3	11	12	13	
3	2	0	18	0	1	2	3	4	5	6	7	8	9	10	11	12	13	14	15	16	17	
3	2	1	0	
3	2	2	0	
3	2	3	2	18	19	
3	3	0	19	0	2	3	4	5	6	7	8	9	10	11	12	13	14	15	16	17	18	19	
3	3	1	0	
3	3	2	0	
3	3	3	1	1	
19
15	0
15	1
0	2
0	3
0	4
1	5
1	6
1	7
2	8
2	9
2	10
3	11
3	12
3	13
4	14
4	16
4	17
5	18
5	19
0
0
0
16
15	18
15	19
18	5
18	6
18	7
19	8
19	9
19	10
5	14
5	16
5	17
6	0
6	1
6	2
7	3
7	4
0
0
3
15	12
12	13
13	11
3
15	4
4	6
6	9
7
15	18
18	13
18	11
13	17
13	2
11	3
11	5
7
15	1
1	8
1	16
8	12
8	0
16	7
16	14
2
15	10
10	19
11
15	18
15	9
18	10
18	14
9	19
9	5
10	0
10	11
14	2
14	3
19	6
2
15	8
8	1
2
15	12
12	17
4
15	13
13	7
13	4
7	16
10
0	16
0	12
16	7
16	19
12	18
12	8
7	9
7	3
19	4
19	15
7
0	10
10	2
10	6
2	5
2	13
6	14
6	11
1
0	1
1
0	17
16
0	8
0	9
8	10
8	14
8	16
9	17
9	1
9	2
10	3
10	4
10	15
14	18
14	19
14	7
16	5
16	6
0
0
3
0	12
12	13
13	11
7
0	16
16	14
16	8
14	17
14	1
8	15
8	4
3
0	9
9	11
11	19
8
0	13
0	7
13	10
13	2
7	3
7	6
10	12
10	5
1
0	18
9
0	13
0	18
13	8
13	9
18	11
18	17
8	15
8	12
9	4
9
0	16
0	5
16	7
16	19
5	10
5	14
7	2
7	3
19	6
0
1
0	1
3
4	17
17	14
14	11
9
4	12
4	19
12	5
12	8
19	7
19	10
5	0
5	3
8	15
1
4	2
6
4	9
9	18
9	13
18	1
18	16
13	6
5
4	19
19	0
19	3
0	8
0	16
6
4	15
15	5
15	9
5	7
5	14
9	1
5
4	17
17	2
17	10
2	6
2	18
3
4	12
12	13
13	11
4
4	2
2	9
2	11
9	15
7
4	3
3	10
3	6
10	19
10	5
6	18
6	13
1
4	17
7
4	16
16	7
16	14
7	1
7	8
14	12
14	0
5
4	3
3	15
3	10
15	6
15	0
4
4	12
12	7
12	16
7	1
5
4	14
14	11
14	8
11	2
11	18
5
4	9
9	19
9	5
19	13
19	17
5
11	17
17	1
17	16
1	2
1	18
14
11	12
11	13
12	15
12	19
13	0
13	8
15	9
15	10
19	14
19	7
0	5
0	3
8	4
8	6
0
0
17
11	17
11	1
17	2
17	3
17	4
1	15
1	18
1	19
2	16
2	0
2	8
3	9
3	10
3	14
4	7
4	5
4	6
0
0
2
11	12
12	13
17
11	12
11	13
12	14
12	16
12	17
13	5
13	15
13	6
14	7
14	8
14	9
16	10
16	0
16	1
17	2
17	3
17	4
0
0
2
11	18
18	19
18
11	6
11	7
6	8
6	9
6	10
7	12
7	13
7	14
8	16
8	17
8	18
9	19
9	5
9	15
10	0
10	2
10	3
12	4
0
0
1
11	1
