1212	0.253485
0	0	0	9	3	5	9	10	14	15	16	18	19	
0	0	1	5	2	4	6	8	13	
0	0	2	6	0	1	7	11	12	17	
0	1	0	5	2	6	14	17	19	
0	1	1	12	0	3	4	5	7	8	9	10	12	13	15	18	
0	1	2	3	1	11	16	
0	2	0	2	7	17	
0	2	1	11	0	1	3	4	5	8	10	11	13	15	19	
0	2	2	7	2	6	9	12	14	16	18	
1	0	0	7	0	2	4	9	12	14	19	
1	0	1	7	3	5	8	10	15	16	18	
1	0	2	6	1	6	7	11	13	17	
1	1	0	9	0	3	4	6	7	8	9	10	15	
1	1	1	8	2	5	11	12	13	17	18	19	
1	1	2	3	1	14	16	
1	2	0	8	1	3	4	5	11	13	15	19	
1	2	1	7	7	8	9	10	14	16	17	
1	2	2	5	0	2	6	12	18	
2	0	0	9	0	1	9	10	14	15	16	17	18	
2	0	1	9	2	3	4	5	6	7	8	11	19	
2	0	2	2	12	13	
2	1	0	9	0	2	6	7	11	15	17	18	19	
2	1	1	8	3	4	5	8	9	10	12	13	
2	1	2	3	1	14	16	
2	2	0	6	0	2	6	12	14	18	
2	2	1	7	1	3	4	5	8	10	13	
2	2	2	7	7	9	11	15	16	17	19	
8
18	9
18	14
9	15
9	16
14	19
14	3
15	5
15	10
5
18	4
4	8
4	2
8	13
8	6
6
18	12
12	17
12	0
17	1
17	11
0	7
5
18	19
19	17
19	2
17	14
17	6
11
18	0
18	3
0	4
0	5
3	7
3	8
4	9
4	10
5	12
5	13
7	15
3
18	16
16	1
1	11
2
18	17
17	7
11
18	1
18	8
1	10
1	11
8	13
8	15
10	19
10	0
11	3
11	4
13	5
6
18	14
14	2
14	16
2	6
2	12
16	9
7
15	14
14	0
14	4
0	2
0	12
4	19
4	9
6
15	18
18	16
18	5
16	3
16	8
5	10
6
15	13
13	6
13	17
6	1
6	11
17	7
8
15	6
15	7
6	0
6	3
7	4
7	8
0	9
0	10
8
15	12
15	13
12	5
12	18
13	2
13	17
5	19
5	11
3
15	16
16	1
1	14
7
15	4
4	13
4	19
13	5
13	1
19	3
19	11
7
15	17
17	8
17	10
8	14
8	7
10	16
10	9
5
15	18
18	0
18	12
0	2
0	6
8
9	16
9	17
16	1
16	10
17	14
17	18
1	0
1	15
9
9	2
9	19
2	3
2	4
19	5
19	8
3	11
3	6
4	7
2
9	12
12	13
9
9	11
9	6
11	7
11	18
6	2
6	17
7	19
7	0
18	15
7
9	8
8	10
8	12
10	4
10	5
12	3
12	13
3
9	16
16	1
1	14
6
9	2
2	14
2	18
14	0
14	12
18	6
7
9	5
5	1
5	3
1	13
1	4
3	8
3	10
6
9	11
11	7
11	16
7	17
7	19
16	15
